16,2
20,1
24,1
28,1
32,1
36,1
40,1
48,1
56,1
64,1
72,1
80,1
88,1
96,1
104,1
112,1
120,1
128,1
136,1
168,2
200,1
232,1
264,2
328,1
392,1
456,2
520,1
648,1
776,1
904,1
1032,19
1156,1
1280,1
1412,1
1544,1
1800,1
2056,1
2568,1
3080,1
3592,2
4104,1
4616,1
5128,1
5640,1
6152,1
6660,1
7168,1
8200,1
9014,1
9828,1
10646,1
11464,1
13100,1
13918,1
15564,1
16392,1
17206,1
18838,1
19656,1
20474,1
22928,1
24564,1
26200,1
27018,1
29472,1
32776,1
35225,1
36044,1
39320,1
42596,1
44234,1
45872,1
47510,1
49148,1
52424,1
55700,1
58976,1
65544,7
67178,5
68812,1
70450,1
75364,1
78640,1
81916,3
85192,1
88468,1
91744,1
95020,1
98296,1
101572,1
104848,1
108124,1
111400,1
114676,1
117952,1
121228,1
124504,1
131080,1
134352,1
37748752,41321
